0
0
0
0
0
0
0
0
0
0
0
0
0
0
0
0
0
9055
12070
9055
0
-9055
-12070
-9055
0
-10097
-13222
-10097
0
10097
13222
10097
0
15093
16323
15093
0
-15093
-16323
-15093
0
-15903
-15615
-15903
0
15903
15615
15903
0
16101
10005
16101
0
-16101
-10005
-16101
0
-14950
-5220
-14950
0
14950
5220
14950
0
11742
-2791
11742
0
-11742
2791
-11742
0
-7644
9450
-7644
0
7644
-9450
7644
0
3470
-13781
3470
0
-3470
13781
-3470
0
2911
16381
2911
0
-2911
-16381
-2911
0
-5958
-15846
-5958
0
5958
15846
5958
0
12229
9896
12229
0
-12229
-9896
-12229
0
-13401
-7648
-13401
0
13401
7648
13401
0
16350
-4693
16350
0
-16350
4693
-16350
0
-16377
5502
-16377
0
16377
-5502
16377
0
13522
-15439
13522
0
-13522
15439
-13522
0
-13895
15090
-13895
0
13895
-15090
13895
0
4947
-13541
4947
0
-4947
13541
-4947
0
-6782
14905
-6782
0
6782
-14905
6782
0
-5730
-552
-5730
0
5730
552
5730
0
2590
5067
2590
0
-2590
-5067
-2590
0
-13972
12888
-13972
0
13972
-12888
13972
0
11101
-8051
11101
0
-11101
8051
-11101
0
-16276
15774
-16276
0
16276
-15774
16276
0
15911
-15956
15911
0
-15911
15956
-15911
0
-11662
5741
-11662
0
11662
-5741
11662
0
15419
-13528
15419
0
-15419
13528
-15419
0
-2092
-8993
-2092
0
2092
8993
2092
0
9787
-2338
9787
0
-9787
2338
-9787
0
8366
-16363
8366
0
-8366
16363
-8366
0
894
10365
894
0
-894
-10365
-894
0
15270
-10331
15270
0
-15270
10331
-15270
0
-8297
16356
-8297
0
8297
-16356
8297
0
15684
4161
15684
0
-15684
-4161
-15684
0
-14723
11755
-14723
0
14723
-11755
14723
0
9432
15245
9432
0
-9432
-15245
-9432
0
-16242
-458
-16242
0
16242
458
16242
0
-828
13844
-828
0
828
-13844
828
0
-12348
-12375
-12348
0
12348
12375
12348
0
-10737
1105
-10737
0
10737
-1105
10737
0
-4338
-16278
-4338
0
4338
16278
4338
0
-16082
-12539
-16082
0
16082
12539
16082
0
5116
-9638
5116
0
-5116
9638
-5116
0
-14593
-15914
-14593
0
14593
15914
14593
0
12867
3242
12867
0
-12867
-3242
-12867
0
-6901
-6256
-6901
0
6901
6256
6901
0
16329
14024
16329
0
-16329
-14024
-16329
0
3722
8526
3722
0
-3722
-8526
-3722
0
14348
15723
14348
0
-14348
-15723
-14348
0
12765
16325
12765
0
-12765
-16325
-12765
0
7586
7240
7586
0
-7586
-7240
-7586
0
16382
10754
16382
0
-16382
-10754
-16382
0
-1704
-5932
-1704
0
1704
5932
1704
0
13037
-3623
13037
0
-13037
3623
-13037
0
-10426
-15262
-10426
0
10426
15262
10426
0
4151
-15034
4151
0
-4151
15034
-4151
0
-15674
-14709
-15674
0
15674
14709
15674
0
-6499
-14132
-6499
0
6499
14132
6499
0
-15698
-4629
-15698
0
15698
4629
15698
0
-14387
-1656
-14387
0
14387
1656
14387
0
-10490
8447
-10490
0
10490
-8447
10490
0
-16160
12176
-16160
0
16160
-12176
16160
0
-1785
16054
-1785
0
1785
-16054
1785
0
-11066
16037
-11066
0
11066
-16037
11066
0
7513
13264
7513
0
-7513
-13264
-7513
0
-1268
6763
-1268
0
1268
-6763
1268
0
14309
1883
14309
0
-14309
-1883
-14309
0
9068
-8049
9068
0
-9068
8049
-9068
0
16335
-10716
16335
0
-16335
10716
-16335
0
15551
-16269
15551
0
-15551
16269
-15551
0
12917
-16376
12917
0
-12917
16376
-12917
0
15424
-11165
15424
0
-15424
11165
-15424
0
5194
-11431
5194
0
-5194
11431
-5194
0
8743
3082
8743
0
-8743
-3082
-8743
0
-4259
917
-4259
0
4259
-917
4259
0
-1654
14806
-1654
0
1654
-14806
1654
0
-12294
12671
-12294
0
12294
-12671
12294
0
-11348
14404
-11348
0
11348
-14404
11348
0
-16231
16219
-16231
0
16231
-16219
16231
0
-16220
2205
-16220
0
16220
-2205
16220
0
-14759
9263
-14759
0
14759
-9263
14759
0
-14197
-11799
-14197
0
14197
11799
14197
0
-8367
-3691
-8367
0
8367
3691
8367
0
-6141
-16141
-6141
0
6141
16141
6141
0
812
-14256
812
0
-812
14256
-812
0
4524
-7263
4524
0
-4524
7263
-4524
0
9721
-15588
9721
0
-9721
15588
-9721
0
13268
7563
13268
0
-13268
-7563
-13268
0
15391
-6825
15391
0
-15391
6825
-15391
0
16372
16195
16372
0
-16372
-16195
-16372
0
15930
6357
15930
0
-15930
-6357
-15930
0
12518
11564
12518
0
-12518
-11564
-12518
0
11161
15423
11161
0
-11161
-15423
-11161
0
3344
-2537
3344
0
-3344
2537
-3344
0
2672
14501
2672
0
-2672
-14501
-2672
0
-7251
-14561
-7251
0
7251
14561
7251
0
-6707
4187
-6707
0
6707
-4187
6707
0
-14765
-14659
-14765
0
14765
14659
14765
0
-13852
-8837
-13852
0
13852
8837
13852
0
-16004
-2751
-16004
0
16004
2751
16004
0
-16379
-16139
-16379
0
16379
16139
16379
0
-10441
11409
-10441
0
10441
-11409
10441
0
-13448
-12989
-13448
0
13448
12989
13448
0
-441
16226
-441
0
441
-16226
441
0
-6035
-1427
-6035
0
6035
1427
6035
0
9746
7754
9746
0
-9746
-7754
-9746
0
3389
11059
3389
0
-3389
-11059
-3389
0
15792
-7068
15792
0
-15792
7068
-15792
0
11684
16383
11684
0
-11684
-16383
-11684
0
15125
-16102
15125
0
-15125
16102
-15125
0
16085
11098
16085
0
-16085
-11098
-16085
0
8031
-11949
8031
0
-8031
11949
-8031
0
15125
-1374
15125
0
-15125
1374
-15125
0
-2476
1990
-2476
0
2476
-1990
2476
0
9124
-12957
9124
0
-9124
12957
-9124
0
-11931
14299
-11931
0
11931
-14299
11931
0
82
-16148
82
0
-82
16148
-82
0
-16316
14898
-16316
0
16316
-14898
16316
0
-8987
-8881
-8987
0
8987
8881
8987
0
-13766
3295
-13766
0
13766
-3295
13766
0
-15061
4136
-15061
0
15061
-4136
15061
0
-5365
-11006
-5365
0
5365
11006
5365
0
-16116
14476
-16116
0
16116
-14476
16116
0
5315
-16293
5315
0
-5315
16293
-5315
0
-11799
15441
-11799
0
11799
-15441
11799
0
13737
-8237
13737
0
-13737
8237
-13737
0
-3550
6405
-3550
0
3550
-6405
3550
0
16321
6565
16321
0
-16321
-6565
-16321
0
5882
-6777
5882
0
-5882
6777
-5882
0
11968
15991
11968
0
-11968
-15991
-11968
0
13354
-15572
13354
0
-13354
15572
-13354
0
2529
12320
2529
0
-2529
-12320
-2529
0
16375
-14281
16375
0
-16375
14281
-16375
0
-7984
-1440
-7984
0
7984
1440
7984
0
13939
-3742
13939
0
-13939
3742
-13939
0
-15105
-14021
-15105
0
15105
14021
15105
0
6857
9220
6857
0
-6857
-9220
-6857
0
-15806
-15119
-15806
0
15806
15119
15806
0
-2509
16212
-2509
0
2509
-16212
2509
0
-9789
-3834
-9789
0
9789
3834
9789
0
-11040
12704
-11040
0
11040
-12704
11040
0
387
10590
387
0
-387
-10590
-387
0
-15891
969
-15891
0
15891
-969
15891
0
10400
16342
10400
0
-10400
-16342
-10400
0
-15446
-11393
-15446
0
15446
11393
15446
0
15992
8710
15992
0
-15992
-8710
-15992
0
-9853
-16378
-9853
0
9853
16378
9853
0
14788
-6055
14788
0
-14788
6055
-14788
0
-976
-10756
-976
0
976
10756
976
0
7299
-15861
7299
0
-7299
15861
-7299
0
8226
1831
8226
0
-8226
-1831
-8226
0
-3292
-12677
-3292
0
3292
12677
3292
0
14687
13233
14687
0
-14687
-13233
-14687
0
-12484
888
-12484
0
12484
-888
12484
0
16253
16065
16253
0
-16253
-16065
-16253
0
-16370
13727
-16370
0
16370
-13727
16370
0
12402
8492
12402
0
-12402
-8492
-12402
0
-13299
15323
-13299
0
13299
-15323
13299
0
4417
-4579
4417
0
-4417
4579
-4417
0
-4576
4370
-4576
0
4576
-4370
4576
0
-5038
-14685
-5038
0
5038
14685
5038
0
6091
-10162
6091
0
-6091
10162
-6091
0
-12816
-15281
-12816
0
12816
15281
12816
0
14171
-16372
14171
0
-14171
16372
-14171
0
-16322
-5981
-16322
0
16322
5981
16322
0
16227
-9173
16227
0
-16227
9173
-16227
0
-14388
7192
-14388
0
14388
-7192
14388
0
11387
5538
11387
0
-11387
-5538
-11387
0
-7659
15708
-7659
0
7659
-15708
7659
0
1707
15714
1707
0
-1707
-15714
-1707
0
1622
14051
1622
0
-1622
-14051
-1622
0
-8697
13020
-8697
0
8697
-13020
8697
0
10363
3294
10363
0
-10363
-3294
-10363
0
-15406
-336
-15406
0
15406
336
15406
0
15650
-9596
15650
0
-15650
9596
-15650
0
-15568
-13418
-15568
0
15568
13418
15568
0
15721
-16272
15721
0
-15721
16272
-15721
0
-9112
-15510
-9112
0
9112
15510
9112
0
10553
-12410
10553
0
-10553
12410
-10553
0
1215
-4900
1215
0
-1215
4900
-1215
0
1867
-511
1867
0
-1867
511
-1867
0
11026
9723
11026
0
-11026
-9723
-11026
0
-7440
11718
-7440
0
7440
-11718
7440
0
16152
16383
16152
0
-16152
-16383
-16152
0
-14268
16359
-14268
0
14268
-16359
14268
0
14412
9626
14412
0
-14412
-9626
-14412
0
-16341
10405
-16341
0
16341
-10405
16341
0
6548
-5014
6548
0
-6548
5014
-6548
0
-12968
-2286
-12968
0
12968
2286
12968
0
-4099
-15549
-4099
0
4099
15549
4099
0
-5272
-13498
-5272
0
5272
13498
5272
0
-13004
-13349
-13004
0
13004
13349
13004
0
4180
-15968
4180
0
-4180
15968
-4180
0
-16383
-216
-16383
0
16383
216
16383
0
12239
-8097
12239
0
-12239
8097
-12239
0
-12798
13093
-12798
0
12798
-13093
12798
0
16220
5017
16220
0
-16220
-5017
-16220
0
-3775
15680
-3775
0
3775
-15680
3775
0
14794
14883
14794
0
-14794
-14883
-14794
0
6853
5425
6853
0
-6853
-5425
-6853
0
8438
15110
8438
0
-8438
-15110
-8438
0
14568
-9272
14568
0
-14568
9272
-14568
0
-730
5551
-730
0
730
-5551
730
0
16092
-16376
16092
0
-16092
16376
-16092
0
-9655
-7602
-9655
0
9655
7602
9655
0
10777
-10068
10777
0
-10777
10068
-10777
0
-15362
-15833
-15362
0
15362
15833
15362
0
881
4485
881
0
-881
-4485
-881
0
-15949
-13810
-15949
0
15949
13810
15949
0
-9388
15365
-9388
0
9388
-15365
9388
0
-11221
-2843
-11221
0
11221
2843
11221
0
-15668
13662
-15668
0
15668
-13662
15668
0
-2752
9964
-2752
0
2752
-9964
2752
0
-15289
769
-15289
0
15289
-769
15289
0
6632
16319
6632
0
-6632
-16319
-6632
0
-8412
-12753
-8412
0
8412
12753
8412
0
13808
12105
13808
0
-13808
-12105
-13808
0
2039
-15831
2039
0
-2039
15831
-2039
0
16381
52
16381
0
-16381
-52
-16381
0
11625
-5943
11625
0
-11625
5943
-11625
0
13495
-12034
13495
0
-13495
12034
-13495
0
16270
8811
16270
0
-16270
-8811
-16270
0
6111
-16328
6111
0
-6111
16328
-6111
0
14000
16350
14000
0
-14000
-16350
-14000
0
-3309
-10047
-3309
0
3309
10047
3309
0
5780
10498
5780
0
-5780
-10498
-5780
0
-11627
2740
-11627
0
11627
-2740
11627
0
-4896
-3951
-4896
0
4896
3951
4896
0
-16069
13753
-16069
0
16069
-13753
16069
0
-13491
-15165
-13491
0
13491
15165
13491
0
-15156
15859
-15156
0
15156
-15859
15156
0
-16353
-13959
-16353
0
16353
13959
16353
0
-9192
7695
-9192
0
9192
-7695
9192
0
-12265
-1321
-12265
0
12265
1321
12265
0
-164
-5452
-164
0
164
5452
164
0
-2964
12399
-2964
0
2964
-12399
2964
0
8918
-15069
8918
0
-8918
15069
-8918
0
7596
15964
7596
0
-7596
-15964
-7596
0
15029
-14927
15029
0
-15029
14927
-15029
0
14929
6455
14929
0
-14929
-6455
-14929
0
16130
-5117
16130
0
-16130
5117
-16130
0
15916
-8340
15916
0
-15916
8340
-15916
0
11856
8005
11856
0
-11856
-8005
-11856
0
10139
-16306
10139
0
-10139
16306
-10139
0
3630
15944
3630
0
-3630
-15944
-3630
0
53
-10917
53
0
-53
10917
-53
0
-5805
13557
-5805
0
5805
-13557
5805
0
-10055
3412
-10055
0
10055
-3412
10055
0
-13306
2390
-13306
0
13306
-2390
13306
0
-15890
14947
-15890
0
15890
-14947
15890
0
-16372
-10324
-16372
0
16372
10324
16372
0
-14972
14240
-14972
0
14972
-14240
14972
0
-13982
-16353
-13982
0
13982
16353
13982
0
-7691
1871
-7691
0
7691
-1871
7691
0
-6931
-11791
-6931
0
6931
11791
6931
0
2858
-12030
2858
0
-2858
12030
-2858
0
2428
406
2428
0
-2428
-406
-2428
0
12194
-16080
12194
0
-12194
16080
-12194
0
10979
12341
10979
0
-10979
-12341
-10979
0
16346
-6960
16346
0
-16346
6960
-16346
0
15871
16284
15871
0
-15871
-16284
-15871
0
13552
7859
13552
0
-13552
-7859
-13552
0
15473
9681
15473
0
-15473
-9681
-15473
0
4998
16242
4998
0
-4998
-16242
-4998
0
9918
-3191
9918
0
-9918
3191
-9918
0
-5680
11323
-5680
0
5680
-11323
5680
0
1058
-13997
1058
0
-1058
13997
-1058
0
-13944
-2869
-13944
0
13944
2869
13944
0
-8155
-15738
-8155
0
8155
15738
8155
0
-16282
-14712
-16282
0
16282
14712
16282
0
-14650
-7287
-14650
0
14650
7287
14650
0
-11700
-14506
-11700
0
11700
14506
11700
0
-16263
5883
-16263
0
16263
-5883
16263
0
-2145
-2419
-2145
0
2145
2419
2145
0
-12455
15243
-12455
0
12455
-15243
12455
0
8320
11648
8320
0
-8320
-11648
-8320
0
-4496
14732
-4496
0
4496
-14732
4496
0
15251
16176
15251
0
-15251
-16176
-15251
0
4960
4679
4960
0
-4960
-4679
-4960
0
15699
7456
15699
0
-15699
-7456
-15699
0
12764
-8402
12764
0
-12764
8402
-12764
0
9476
-7370
9476
0
-9476
7370
-9476
0
16314
-16044
16314
0
-16314
16044
-16314
0
-774
-16161
-774
0
774
16161
774
0
14427
-13294
14427
0
-14427
13294
-14427
0
-10696
-11716
-10696
0
10696
11716
10696
0
7731
-1935
7731
0
-7731
1935
-7731
0
-16072
2323
-16072
0
16072
-2323
16072
0
-1540
10676
-1540
0
1540
-10676
1540
0
-14617
14460
-14617
0
14617
-14460
14617
0
-10299
16375
-10299
0
10299
-16375
10299
0
-6950
14754
-6950
0
6950
-14754
6950
0
-15626
11468
-15626
0
15626
-11468
15626
0
3670
2965
3670
0
-3670
-2965
-3670
0
-15744
-864
-15744
0
15744
864
15744
0
12731
-11253
12731
0
-12731
11253
-12731
0
-10615
-12638
-10615
0
10615
12638
10615
0
16381
-16255
16381
0
-16381
16255
-16381
0
-1948
-16227
-1948
0
1948
16227
1948
0
13069
-7944
13069
0
-13069
7944
-13069
0
7367
-9307
7367
0
-7367
9307
-7367
0
4202
6872
4202
0
-4202
-6872
-4202
0
14228
3640
14228
0
-14228
-3640
-14228
0
-6450
16061
-6450
0
6450
-16061
6450
0
16347
14230
16347
0
-16347
-14230
-16347
0
-14361
12096
-14361
0
14361
-12096
14361
0
13018
15604
13018
0
-13018
-15604
-13018
0
-16169
-1775
-16169
0
16169
1775
16169
0
5350
6873
5350
0
-5350
-6873
-5350
0
-11105
-14192
-11105
0
11105
14192
11105
0
-4100
-6309
-4100
0
4100
6309
4100
0
-1321
-14986
-1321
0
1321
14986
1321
0
-12185
-15405
-12185
0
12185
15405
12185
0
9023
-3507
9023
0
-9023
3507
-9023
0
-16208
-14525
-16208
0
16208
14525
16208
0
15534
10844
15534
0
-15534
-10844
-15534
0
-14829
-4238
-14829
0
14829
4238
14829
0
15442
16315
15442
0
-15442
-16315
-15442
0
-8508
8793
-8508
0
8508
-8793
8508
0
8788
8423
8788
0
-8788
-8423
-8788
0
648
16130
648
0
-648
-16130
-648
0
-1601
-6366
-1601
0
1601
6366
1601
0
9589
13021
9589
0
-9589
-13021
-9589
0
-11310
-15942
-11310
0
11310
15942
11310
0
15334
1479
15334
0
-15334
-1479
-15334
0
-16212
-12462
-16212
0
16212
12462
16212
0
15968
-11020
15968
0
-15968
11020
-15968
0
-14224
1224
-14224
0
14224
-1224
14224
0
11281
-16383
11281
0
-11281
16383
-11281
0
-6191
13908
-6191
0
6191
-13908
6191
0
2833
-11136
2833
0
-2833
11136
-2833
0
4473
15201
4473
0
-4473
-15201
-4473
0
-6557
1322
-6557
0
6557
-1322
6557
0
13236
4045
13236
0
-13236
-4045
-13236
0
-13763
12925
-13763
0
13763
-12925
13763
0
16374
-10424
16374
0
-16374
10424
-16374
0
-16382
16157
-16382
0
16382
-16157
16382
0
12553
-16356
12553
0
-12553
16356
-12553
0
-13541
8925
-13541
0
13541
-8925
13541
0
3396
-8893
3396
0
-3396
8893
-3396
0
-6187
-4086
-6187
0
6187
4086
6187
0
-7203
5853
-7203
0
7203
-5853
7203
0
3229
-14452
3229
0
-3229
14452
-3229
0
-14741
15806
-14741
0
14741
-15806
14741
0
11569
-15458
11569
0
-11569
15458
-11569
0
-16015
12814
-16015
0
16015
-12814
16015
0
16053
-6454
16053
0
-16053
6454
-16053
0
-10482
-672
-10482
0
10482
672
10482
0
15187
6730
15187
0
-15187
-6730
-15187
0
-494
-13608
-494
0
494
13608
494
0
9260
15555
9260
0
-9260
-15555
-9260
0
9703
-15399
9703
0
-9703
15399
-9703
0
246
14307
246
0
-246
-14307
-246
0
15777
-4578
15777
0
-15777
4578
-15777
0
-8849
3793
-8849
0
8849
-3793
8849
0
15146
9991
15146
0
-15146
-9991
-15146
0
-14996
-9177
-14996
0
14996
9177
14996
0
8077
16379
8077
0
-8077
-16379
-8077
0
-16144
-16204
-16144
0
16144
16204
16144
0
-2423
9352
-2423
0
2423
-9352
2423
0
-11912
-12738
-11912
0
11912
12738
11912
0
-11895
-5333
-11895
0
11895
5333
11895
0
-3710
-1022
-3710
0
3710
1022
3710
0
-16311
-15651
-16311
0
16311
15651
16311
0
5728
11355
5728
0
-5728
-11355
-5728
0
-13795
-13151
-13795
0
13795
13151
13795
0
13258
16379
13258
0
-13258
-16379
-13258
0
-5416
119
-5416
0
5416
-119
5416
0
16369
10795
16369
0
-16369
-10795
-16369
0
5264
13292
5264
0
-5264
-13292
-5264
0
14024
-1779
14024
0
-14024
1779
-14024
0
13708
15579
13708
0
-13708
-15579
-13708
0
7006
-13202
7006
0
-7006
13202
-7006
0
16325
5106
16325
0
-16325
-5106
-16325
0
-2347
-16075
-2347
0
2347
16075
2347
0
12004
-9547
12004
0
-12004
9547
-12004
0
-10918
-8537
-10918
0
10918
8537
10918
0
2582
-16383
2582
0
-2582
16383
-2582
0
-15851
4528
-15851
0
15851
-4528
15851
0
-7938
-9801
-7938
0
7938
9801
7938
0
-15500
14662
-15500
0
15500
-14662
15500
0
-15084
4807
-15084
0
15084
-4807
15084
0
-9984
15300
-9984
0
9984
-15300
9984
0
-15820
15479
-15820
0
15820
-15479
15820
0
-1140
6029
-1140
0
1140
-6029
1140
0
-9832
13473
-9832
0
9832
-13473
9832
0
8083
-7145
8083
0
-8083
7145
-8083
0
334
433
334
0
-334
-433
-334
0
14613
-15693
14613
0
-14613
15693
-14613
0
10358
-12961
10358
0
-10358
12961
-10358
0
16272
-14078
16272
0
-16272
14078
-16272
0
15980
-15741
15980
0
-15980
15741
-15980
0
12508
-3345
12508
0
-12508
3345
-12508
0
14811
-5629
14811
0
-14811
5629
-14811
0
4575
9553
4575
0
-4575
-9553
-4575
0
7346
9093
7346
0
-7346
-9093
-7346
0
-4882
16266
-4882
0
4882
-16266
4882
0
-3239
16368
-3239
0
3239
-16368
3239
0
-12713
12444
-12713
0
12713
-12444
12713
0
-12449
10238
-12449
0
12449
-10238
12449
0
-16307
563
-16307
0
16307
-563
16307
0
-16368
-4276
-16368
0
16368
4276
16368
0
-14466
-11682
-14466
0
14466
11682
14466
0
-13330
-15289
-13330
0
13330
15289
13330
0
-7804
-16362
-7804
0
7804
16362
7804
0
-4627
-13780
-4627
0
4627
13780
4627
0
1459
-10446
1459
0
-1459
10446
-1459
0
6042
-985
6042
0
-6042
985
-6042
0
10235
2234
10235
0
-10235
-2234
-10235
0
14144
12616
14144
0
-14144
-12616
-14144
0
15601
13468
15601
0
-15601
-13468
-15601
0
16234
15885
16234
0
-16234
-15885
-16234
0
15767
15980
15767
0
-15767
-15980
-15767
0
11425
6145
11425
0
-11425
-6145
-11425
0
10678
8142
10678
0
-10678
-8142
-10678
0
1760
-8628
1760
0
-1760
8628
-1760
0
2030
-4967
2030
0
-2030
4967
-2030
0
-8652
-16335
-8652
0
8652
16335
8652
0
-7294
-14861
-7294
0
7294
14861
7294
0
-15388
-10664
-15388
0
15388
10664
15388
0
-14187
-15130
-14187
0
14187
15130
14187
0
-15584
3740
-15584
0
15584
-3740
15584
0
-16352
-5601
-16352
0
16352
5601
16352
0
-9157
15081
-9157
0
9157
-15081
9157
0
-13067
7555
-13067
0
13067
-7555
13067
0
1161
14071
1161
0
-1161
-14071
-1161
0
-5427
15819
-5427
0
5427
-15819
5427
0
10987
1536
10987
0
-10987
-1536
-10987
0
4021
13838
4021
0
-4021
-13838
-4021
0
16143
-12256
16143
0
-16143
12256
-16143
0
12130
2895
12130
0
-12130
-2895
-12130
0
14438
-16012
14438
0
-14438
16012
-14438
0
16196
-9922
16196
0
-16196
9922
-16196
0
6597
-6654
6597
0
-6597
6654
-6597
0
14864
-16314
14864
0
-14864
16314
-14864
0
-4047
8153
-4047
0
4047
-8153
4047
0
8578
-12141
8578
0
-8578
12141
-8578
0
-12972
16283
-12972
0
12972
-16283
12972
0
-566
-104
-566
0
566
104
566
0
-16383
11077
-16383
0
16383
-11077
16383
0
-9522
11999
-9522
0
9522
-11999
9522
0
-12832
-3200
-12832
0
12832
3200
12832
0
-15304
16332
-15304
0
15304
-16332
15304
0
-3827
-14857
-3827
0
3827
14857
3827
0
-15986
10088
-15986
0
15986
-10088
15986
0
6804
-14346
6804
0
-6804
14346
-6804
0
-11340
-2688
-11340
0
11340
2688
11340
0
14544
-2086
14544
0
-14544
2086
-14544
0
-2914
-13724
-2914
0
2914
13724
2914
0
16102
11882
16102
0
-16102
-11882
-16102
0
6482
-15872
6482
0
-6482
15872
-6482
0
10817
16120
10817
0
-10817
-16120
-10817
0
13719
-7741
13719
0
-13719
7741
-13719
0
935
7155
935
0
-935
-7155
-935
0
16383
5403
16383
0
-16383
-5403
-16383
0
-9344
-7669
-9344
0
9344
7669
9344
0
13587
15048
13587
0
-13587
-15048
-13587
0
-15653
-16213
-15653
0
15653
16213
15653
0
6263
14948
6263
0
-6263
-14948
-6263
0
-15309
-11478
-15309
0
15309
11478
15309
0
-3148
5167
-3148
0
3148
-5167
3148
0
-8458
2656
-8458
0
8458
-2656
8458
0
-11510
-7959
-11510
0
11510
7959
11510
0
1986
14615
1986
0
-1986
-14615
-1986
0
-16037
-15932
-16037
0
16037
15932
16037
0
11587
14605
11587
0
-11587
-14605
-11587
0
-15218
-13587
-15218
0
15218
13587
15218
0
16263
2633
16263
0
-16263
-2633
-16263
0
-9327
-2442
-9327
0
9327
2442
9327
0
14028
-11495
14028
0
-14028
11495
-14028
0
-328
10283
-328
0
328
-10283
328
0
5830
-16209
5830
0
-5830
16209
-5830
0
8780
16350
8780
0
-8780
-16350
-8780
0
-4845
-7648
-4845
0
4845
7648
4845
0
14962
11828
14962
0
-14962
-11828
-14962
0
-13461
7176
-13461
0
13461
-7176
13461
0
16158
-353
16158
0
-16158
353
-16158
0
-16356
16124
-16356
0
16356
-16124
16356
0
11968
-12306
11968
0
-11968
12306
-11968
0
-12300
11866
-12300
0
12300
-11866
12300
0
3790
-16289
3790
0
-3790
16289
-3790
0
-3016
-2109
-3016
0
3016
2109
3016
0
-5651
-9723
-5651
0
5651
9723
5651
0
7549
-14357
7549
0
-7549
14357
-7549
0
-13209
3139
-13209
0
13209
-3139
13209
0
14906
-14847
14906
0
-14906
14847
-14906
0
-16365
13969
-16365
0
16365
-13969
16365
0
15929
-3177
15929
0
-15929
3177
-15929
0
-14067
15752
-14067
0
14067
-15752
14067
0
10181
11094
10181
0
-10181
-11094
-10181
0
-7080
7334
-7080
0
7080
-7334
7080
0
106
16280
106
0
-106
-16280
-106
0
2266
-5834
2266
0
-2266
5834
-2266
0
-10013
8133
-10013
0
10013
-8133
10013
0
10857
-15224
10857
0
-10857
15224
-10857
0
-15877
-6675
-15877
0
15877
6675
15877
0
15830
-14755
15830
0
-15830
14755
-15830
0
-14994
-16016
-14994
0
14994
16016
14994
0
15526
-4730
15526
0
-15526
4730
-15526
0
-7738
-12241
-7738
0
7738
12241
7738
0
10048
8357
10048
0
-10048
-8357
-10048
0
2806
1559
2806
0
-2806
-1559
-2806
0
1221
16033
1221
0
-1221
-16033
-1221
0
12158
14083
12158
0
-12158
-14083
-12158
0
-8012
13325
-8012
0
8012
-13325
8012
0
16343
15073
16343
0
-16343
-15073
-16343
0
-14576
1987
-14576
0
14576
-1987
14576
0
13582
3718
13582
0
-13582
-3718
-13582
0
-16282
-10636
-16282
0
16282
10636
16282
0
5048
-10681
5048
0
-5048
10681
-5048
0
-12561
-16373
-12561
0
12561
16373
12561
0
-5630
-16333
-5630
0
5630
16333
5630
