16384
16384
16384
16384
16384
16384
16384
16384
16384
16384
16384
16384
16384
16384
16384
16384
16384
13653
11078
13653
16384
13653
11078
13653
16384
12902
9674
12902
16384
12902
9674
12902
16384
6373
-1401
6373
16384
6373
-1401
6373
16384
3937
-4957
3937
16384
3937
-4957
3937
16384
-3031
-12973
-3031
16384
-3031
-12973
-3031
16384
-6700
-15530
-6700
16384
-6700
-15530
-6700
16384
-11426
-16144
-11426
16384
-11426
-16144
-11426
16384
-14491
-13383
-14491
16384
-14491
-13383
-14491
16384
-16012
-8859
-16012
16384
-16012
-8859
-16012
16384
-16123
-276
-16123
16384
-16123
-276
-16123
16384
-15262
4162
-15262
16384
-15262
4162
-15262
16384
-10902
13057
-10902
16384
-10902
13057
-10902
16384
-9425
14488
-9425
16384
-9425
14488
-9425
16384
-1048
15697
-1048
16384
-1048
15697
-1048
16384
-447
15432
-447
16384
-447
15432
-447
16384
9251
5481
9251
16384
9251
5481
9251
16384
8679
6381
8679
16384
8679
6381
8679
16384
15619
-9223
15619
16384
15619
-9223
15619
16384
14914
-6801
14914
16384
14914
-6801
14914
16384
15349
-16374
15349
16384
15349
-16374
15349
16384
16177
-15580
16177
16384
16177
-15580
16177
16384
8555
-10115
8555
16384
8555
-10115
8555
16384
12049
-14269
12049
16384
12049
-14269
12049
16384
-1873
4427
-1873
16384
-1873
4427
-1873
16384
3905
-3716
3905
16384
3905
-3716
3905
16384
-11507
15345
-11507
16384
-11507
15345
-11507
16384
-5539
9242
-5539
16384
-5539
9242
-5539
16384
-16249
13695
-16249
16384
-16249
13695
-16249
16384
-13139
16216
-13139
16384
-13139
16216
-13139
16384
-14086
829
-14086
16384
-14086
829
-14086
16384
-16359
12688
-16359
16384
-16359
12688
-16359
16384
-5936
-12715
-5936
16384
-5936
-12715
-5936
16384
-14127
943
-14127
16384
-14127
943
-14127
16384
4736
-15846
4736
16384
4736
-15846
4736
16384
-7187
-11412
-7187
16384
-7187
-11412
-7187
16384
13396
-5999
13396
16384
13396
-5999
13396
16384
2148
-16377
2148
16384
2148
-16377
2148
16384
16363
8761
16363
16384
16363
8761
16363
16384
10768
-10736
10768
16384
10768
-10736
10768
16384
12375
16346
12375
16384
12375
16346
12375
16384
15799
1857
15799
16384
15799
1857
15799
16384
3128
10544
3128
16384
3128
10544
3128
16384
15564
13248
15564
16384
15564
13248
15564
16384
-7448
-3893
-7448
16384
-7448
-3893
-7448
16384
10142
16059
10142
16384
10142
16059
10142
16384
-14859
-15142
-14859
16384
-14859
-15142
-14859
16384
1340
8470
1340
16384
1340
8470
1340
16384
-15955
-13990
-15955
16384
-15955
-13990
-15955
16384
-7908
-4604
-7908
16384
-7908
-4604
-7908
16384
-10270
-1380
-10270
16384
-10270
-1380
-10270
16384
-14521
-14697
-14521
16384
-14521
-14697
-14521
16384
-220
12359
-220
16384
-220
12359
-220
16384
-16295
-15272
-16295
16384
-16295
-15272
-16295
16384
9923
15978
9923
16384
9923
15978
9923
16384
-12637
-5956
-12637
16384
-12637
-5956
-12637
16384
15849
6510
15849
16384
15849
6510
15849
16384
-4768
7216
-4768
16384
-4768
7216
-4768
16384
15039
-8288
15039
16384
15039
-8288
15039
16384
4689
15716
4689
16384
4689
15716
4689
16384
7838
-16300
7838
16384
7838
-16300
7838
16384
12585
14038
12585
16384
12585
14038
12585
16384
-2694
-10961
-2694
16384
-2694
-10961
-2694
16384
16286
3268
16286
16384
16286
3268
16286
16384
-12081
3353
-12081
16384
-12081
3353
-12081
16384
14559
-9617
14559
16384
14559
-9617
14559
16384
-16334
14922
-16334
16384
-16334
14922
-16334
16384
7980
-16275
7980
16384
7980
-16275
7980
16384
-13645
14270
-13645
16384
-13645
14270
-13645
16384
-1258
-12393
-1258
16384
-1258
-12393
-1258
16384
-5156
1930
-5156
16384
-5156
1930
-5156
16384
-10078
-485
-10078
16384
-10078
-485
-10078
16384
5523
-11989
5523
16384
5523
-11989
5523
16384
-15538
11737
-15538
16384
-15538
11737
-15538
16384
13856
-16091
13856
16384
13856
-16091
13856
16384
-15820
16358
-15820
16384
-15820
16358
-15820
16384
16300
-7014
16300
16384
16300
-7014
16300
16384
-10829
10385
-10829
16384
-10829
10385
-10829
16384
11816
7807
11816
16384
11816
7807
11816
16384
-2229
-2312
-2229
16384
-2229
-2312
-2229
16384
2311
16234
2311
16384
2311
16234
2311
16384
7113
-13513
7113
16384
7113
-13513
7113
16384
-8176
11366
-8176
16384
-8176
11366
-8176
16384
14085
-15962
14085
16384
14085
-15962
14085
16384
-15189
-2810
-15189
16384
-15189
-2810
-15189
16384
16363
-8074
16363
16384
16363
-8074
16363
16384
-15746
-14686
-15746
16384
-15746
-14686
-15746
16384
13188
5042
13188
16384
13188
5042
13188
16384
-9611
-14533
-9611
16384
-9611
-14533
-9611
16384
5616
14894
5616
16384
5616
14894
5616
16384
608
-2478
608
16384
608
-2478
608
16384
-3826
15100
-3826
16384
-3826
15100
-3826
16384
10569
11606
10569
16384
10569
11606
10569
16384
-11994
5526
-11994
16384
-11994
5526
-11994
16384
16039
16186
16039
16384
16039
16186
16039
16384
-16164
-7625
-16164
16384
-16164
-7625
-16164
16384
14692
7509
14692
16384
14692
7509
14692
16384
-14947
-15839
-14947
16384
-14947
-15839
-14947
16384
7101
-7316
7101
16384
7101
-7316
7101
16384
-8749
-13795
-8749
16384
-8749
-13795
-8749
16384
-3507
-16151
-3507
16384
-3507
-16151
-3507
16384
365
-2817
365
16384
365
-2817
365
16384
-12625
-11758
-12625
16384
-12625
-11758
-12625
16384
9358
9985
9358
16384
9358
9985
9358
16384
-16378
2264
-16378
16384
-16378
2264
-16378
16384
15232
16321
15232
16384
15232
16321
15232
16384
-13169
14432
-13169
16384
-13169
14432
-13169
16384
16029
12088
16029
16384
16029
12088
16029
16384
-4364
14780
-4364
16384
-4364
14780
-4364
16384
11484
26
11484
16384
11484
26
11484
16384
6296
3023
6296
16384
6296
3023
6296
16384
3112
-12052
3112
16384
3112
-12052
3112
16384
14280
-11209
14280
16384
14280
-11209
14280
16384
-6297
-16326
-6297
16384
-6297
-16326
-6297
16384
16195
-16262
16195
16384
16195
-16262
16195
16384
-13608
-10026
-13608
16384
-13608
-10026
-13608
16384
11227
-7997
11227
16384
11227
-7997
11227
16384
-16383
2766
-16383
16384
-16383
2766
-16383
16384
1488
6817
1488
16384
1488
6817
1488
16384
-13698
13767
-13698
16384
-13698
13767
-13698
16384
-8883
16049
-8883
16384
-8883
16049
-8883
16384
-6448
15853
-6448
16384
-6448
15853
-6448
16384
-15480
12136
-15480
16384
-15480
12136
-15480
16384
2950
7672
2950
16384
2950
7672
2950
16384
-15497
-1715
-15497
16384
-15497
-1715
-15497
16384
11367
-5477
11367
16384
11367
-5477
11367
16384
-8928
-14162
-8928
16384
-8928
-14162
-8928
16384
15994
-15079
15994
16384
15994
-15079
15994
16384
1434
-15010
1434
16384
1434
-15010
1434
16384
15291
-14916
15291
16384
15291
-14916
15291
16384
11188
-3565
11188
16384
11188
-3565
11188
16384
9492
-5092
9492
16384
9492
-5092
9492
16384
16187
10799
16187
16384
16187
10799
16187
16384
529
8028
529
16384
529
8028
529
16384
14306
16320
14306
16384
14306
16320
14306
16384
-8610
15950
-8610
16384
-8610
15950
-8610
16384
6345
8475
6345
16384
6345
8475
6345
16384
-14879
13543
-14879
16384
-14879
13543
-14879
16384
-4312
-6311
-4312
16384
-4312
-6311
-4312
16384
-16190
2364
-16190
16384
-16190
2364
-16190
16384
-13137
-15928
-13137
16384
-13137
-15928
-13137
16384
-12105
-10345
-12105
16384
-12105
-10345
-12105
16384
-16379
-12501
-16379
16384
-16379
-12501
-16379
16384
-3985
-16355
-3985
16384
-3985
-16355
-3985
16384
-12659
1164
-12659
16384
-12659
1164
-12659
16384
5462
-11773
5462
16384
5462
-11773
5462
16384
-3560
13876
-3560
16384
-3560
13876
-3560
16384
13089
432
13089
16384
13089
432
13089
16384
7052
15223
7052
16384
7052
15223
7052
16384
16354
12358
16354
16384
16354
12358
16354
16384
14668
4103
14668
16384
14668
4103
14668
16384
14169
16281
14169
16384
14169
16281
14169
16384
16049
-10378
16049
16384
16049
-10378
16049
16384
7261
9659
7261
16384
7261
9659
7261
16384
10610
-16359
10610
16384
10610
-16359
10610
16384
-2066
-3217
-2066
16384
-2066
-3217
-2066
16384
661
-8943
661
16384
661
-8943
661
16384
-10706
-14010
-10706
16384
-10706
-14010
-10706
16384
-9568
5797
-9568
16384
-9568
5797
-9568
16384
-15777
-15731
-15777
16384
-15777
-15731
-15777
16384
-15731
15790
-15731
16384
-15731
15790
-15731
16384
-15589
-7263
-15589
16384
-15589
-7263
-15589
16384
-15209
12851
-15209
16384
-15209
12851
-15209
16384
-10207
5907
-10207
16384
-10207
5907
-10207
16384
-8222
-612
-8222
16384
-8222
-612
-8222
16384
-1422
15253
-1422
16384
-1422
15253
-1422
16384
2258
-13574
2258
16384
2258
-13574
2258
16384
7836
14720
7836
16384
7836
14720
7836
16384
11779
-15419
11779
16384
11779
-15419
11779
16384
14483
4654
14483
16384
14483
4654
14483
16384
16294
-4636
16294
16384
16294
-4636
16294
16384
16303
-8425
16303
16384
16303
-8425
16303
16384
13884
9944
13884
16384
13884
9944
13884
16384
12689
-16049
12689
16384
12689
-16049
12689
16384
5573
16380
5573
16384
5573
16380
5573
16384
4847
-13279
4847
16384
4847
-13279
4847
16384
-5106
9401
-5106
16384
-5106
9401
-5106
16384
-4611
-1909
-4611
16384
-4611
-1909
-4611
16384
-13615
-5277
-13615
16384
-13615
-5277
-13615
16384
-12532
10696
-12532
16384
-12532
10696
-12532
16384
-16338
-15633
-16338
16384
-16338
-15633
-16338
16384
-16277
16376
-16277
16384
-16277
16376
-16277
16384
-12117
-13186
-12117
16384
-12117
-13186
-12117
16384
-14596
11450
-14596
16384
-14596
11450
-14596
16384
-2747
59
-2747
16384
-2747
59
-2747
16384
-8051
-891
-8051
16384
-8051
-891
-8051
16384
7791
13257
7791
16384
7791
13257
7791
16384
1176
-12655
1176
16384
1176
-12655
1176
16384
15018
15597
15018
16384
15018
15597
15018
16384
10013
-16223
10013
16384
10013
-16223
10013
16384
15862
5163
15862
16384
15862
5163
15862
16384
15512
-9285
15512
16384
15512
-9285
15512
16384
9965
-9499
9965
16384
9965
-9499
9965
16384
15841
3665
15841
16384
15841
3665
15841
16384
-167
-16382
-167
16384
-167
-16382
-167
16384
10891
14243
10891
16384
10891
14243
10891
16384
-10228
-9848
-10228
16384
-10228
-9848
-10228
16384
2311
15596
2311
16384
2311
15596
2311
16384
-15943
4750
-15943
16384
-15943
4750
-15943
16384
-7039
6849
-7039
16384
-7039
6849
-7039
16384
-14881
15459
-14881
16384
-14881
15459
-14881
16384
-14043
-6333
-14043
16384
-14043
-6333
-14043
16384
-7495
13507
-7495
16384
-7495
13507
-7495
16384
-16367
-15414
-16367
16384
-16367
-15414
-16367
16384
3075
493
3075
16384
3075
493
3075
16384
-13236
-14513
-13236
16384
-13236
-14513
-13236
16384
12340
-12925
12340
16384
12340
-12925
12340
16384
-5693
-4213
-5693
16384
-5693
-4213
-5693
16384
16360
-15758
16360
16384
16360
-15758
16360
16384
3746
8815
3746
16384
3746
8815
3746
16384
13427
-5685
13427
16384
13427
-5685
13427
16384
11938
16135
11938
16384
11938
16135
11938
16384
4787
9043
4787
16384
4787
9043
4787
16384
16151
13005
16151
16384
16151
13005
16151
16384
-5886
16365
-5886
16384
-5886
16365
-5886
16384
14981
1453
14981
16384
14981
1453
14981
16384
-14059
10285
-14059
16384
-14059
10285
-14059
16384
8818
-11040
8818
16384
8818
-11040
8818
16384
-16256
-4218
-16256
16384
-16256
-4218
-16256
16384
-283
-16383
-283
16384
-283
-16383
-283
16384
-11544
-15267
-11544
16384
-11544
-15267
-11544
16384
-9290
-11117
-9290
16384
-9290
-11117
-9290
16384
-1926
-13812
-1926
16384
-1926
-13812
-1926
16384
-15201
1348
-15201
16384
-15201
1348
-15201
16384
8510
-1045
8510
16384
8510
-1045
8510
16384
-16046
12941
-16046
16384
-16046
12941
-16046
16384
15330
12578
15330
16384
15330
12578
15330
16384
-11543
16153
-11543
16384
-11543
16153
-11543
16384
15635
15900
15635
16384
15635
15900
15635
16384
-3192
8903
-3192
16384
-3192
8903
-3192
16384
9295
6200
9295
16384
9295
6200
9295
16384
6221
-4111
6221
16384
6221
-4111
6221
16384
-995
-8577
-995
16384
-995
-8577
-995
16384
13562
-14464
13562
16384
13562
-14464
13562
16384
-10862
-16330
-10862
16384
-10862
-16330
-10862
16384
16383
-15450
16383
16384
16383
-15450
16383
16384
-16113
-10709
-16113
16384
-16113
-10709
-16113
16384
13743
-6430
13743
16384
13743
-6430
13743
16384
-14516
3682
-14516
16384
-14516
3682
-14516
16384
6523
6754
6523
16384
6523
6754
6523
16384
-6749
15058
-6749
16384
-6749
15058
-6749
16384
-2870
15564
-2870
16384
-2870
15564
-2870
16384
3885
14102
3885
16384
3885
14102
3885
16384
-11307
14294
-11307
16384
-11307
14294
-11307
16384
12869
1596
12869
16384
12869
1596
12869
16384
-15976
3768
-15976
16384
-15976
3768
-15976
16384
16383
-12216
16383
16384
16383
-12216
16383
16384
-15320
-9198
-15320
16384
-15320
-9198
-15320
16384
12935
-16024
12935
16384
12935
-16024
12935
16384
-9559
-16208
-9559
16384
-9559
-16208
-9559
16384
3989
-6708
3989
16384
3989
-6708
3989
16384
-611
-12721
-611
16384
-611
-12721
-611
16384
-6652
8101
-6652
16384
-6652
8101
-6652
16384
8540
-995
8540
16384
8540
-995
8540
16384
-14466
16276
-14466
16384
-14466
16276
-14466
16384
14845
11374
14845
16384
14845
11374
14845
16384
-16132
11121
-16132
16384
-16132
11121
-16132
16384
16202
16378
16202
16384
16202
16378
16202
16384
-10942
-3141
-10942
16384
-10942
-3141
-10942
16384
12160
10776
12160
16384
12160
10776
12160
16384
-1101
-14832
-1101
16384
-1101
-14832
-1101
16384
4065
-1805
4065
16384
4065
-1805
4065
16384
9207
-14375
9207
16384
9207
-14375
9207
16384
-5384
-13217
-5384
16384
-5384
-13217
-5384
16384
15603
-2145
15603
16384
15603
-2145
15603
16384
-13040
-16070
-13040
16384
-13040
-16070
-13040
16384
15367
11841
15367
16384
15367
11841
15367
16384
-16349
-8515
-16349
16384
-16349
-8515
-16349
16384
8601
16130
8601
16384
8601
16130
8601
16384
-14210
4554
-14210
16384
-14210
4554
-14210
16384
-1820
7209
-1820
16384
-1820
7209
-1820
16384
-7334
14674
-7334
16384
-7334
14674
-7334
16384
-11468
-7616
-11468
16384
-11468
-7616
-11468
16384
1985
15291
1985
16384
1985
15291
1985
16384
-16242
-16204
-16242
16384
-16242
-16204
-16242
16384
10643
6005
10643
16384
10643
6005
10643
16384
-14113
-11521
-14113
16384
-14113
-11521
-14113
16384
15754
-7169
15754
16384
15754
-7169
15754
16384
-5986
2597
-5986
16384
-5986
2597
-5986
16384
15615
-15701
15615
16384
15615
-15701
15615
16384
4685
14588
4685
16384
4685
14588
4685
16384
10271
-14065
10271
16384
10271
-14065
10271
16384
13365
14632
13365
16384
13365
14632
13365
16384
1504
-3320
1504
16384
1504
-3320
1504
16384
16365
2692
16365
16384
16365
2692
16365
16384
-7764
9574
-7764
16384
-7764
9574
-7764
16384
12410
-11452
12410
16384
12410
-11452
12410
16384
-14444
16269
-14444
16384
-14444
16269
-14444
16384
3180
-16218
3180
16384
3180
-16218
3180
16384
-16311
12427
-16311
16384
-16311
12427
-16311
16384
-7400
-7701
-7400
16384
-7400
-7701
-7400
16384
-12741
537
-12741
16384
-12741
537
-12741
16384
-14836
7122
-14836
16384
-14836
7122
-14836
16384
-4925
-11700
-4925
16384
-4925
-11700
-4925
16384
-15967
16113
-15967
16384
-15967
16113
-15967
16384
4532
-16361
4532
16384
4532
-16361
4532
16384
-10311
11908
-10311
16384
-10311
11908
-10311
16384
12479
-10426
12479
16384
12479
-10426
12479
16384
-273
-2049
-273
16384
-273
-2049
-273
16384
16267
2260
16267
16384
16267
2260
16267
16384
9880
-14328
9880
16384
9880
-14328
9880
16384
14634
13483
14634
16384
14634
13483
14634
16384
15835
-14873
15835
16384
15835
-14873
15835
16384
8123
15974
8123
16384
8123
15974
8123
16384
15060
-3236
15060
16384
15060
-3236
15060
16384
-1094
8120
-1094
16384
-1094
8120
-1094
16384
7885
11050
7885
16384
7885
11050
7885
16384
-9948
-4992
-9948
16384
-9948
-4992
-9948
16384
-2641
16287
-2641
16384
-2641
16287
-2641
16384
-15485
-14872
-15485
16384
-15485
-14872
-15485
16384
-12045
8185
-12045
16384
-12045
8185
-12045
16384
-15862
-15120
-15862
16384
-15862
-15120
-15862
16384
-16330
-6620
-16330
16384
-16330
-6620
-16330
16384
-10952
-5576
-10952
16384
-10952
-5576
-10952
16384
-13675
-16004
-13675
16384
-13675
-16004
-13675
16384
-2392
7579
-2392
16384
-2392
7579
-2392
16384
-5207
-12281
-5207
16384
-5207
-12281
-5207
16384
6965
15826
6965
16384
6965
15826
6965
16384
5472
1500
5472
16384
5472
1500
5472
16384
14001
13824
14001
16384
14001
13824
14001
16384
13827
14052
13827
16384
13827
14052
13827
16384
16371
2869
16371
16384
16371
2869
16371
16384
16305
15096
16305
16384
16305
15096
16305
16384
13284
-9943
13284
16384
13284
-9943
13284
16384
11853
3776
11853
16384
11853
3776
11853
16384
5770
-16317
5770
16384
5770
-16317
5770
16384
2364
-10636
2364
16384
2364
-10636
2364
16384
-3666
-12123
-3666
16384
-3666
-12123
-3666
16384
-8130
-16338
-8130
16384
-8130
-16338
-8130
16384
-11881
-78
-11881
16384
-11881
-78
-11881
16384
-15169
-8659
-15169
16384
-15169
-8659
-15169
16384
-16137
12017
-16137
16384
-16137
12017
-16137
16384
-15761
6110
-15761
16384
-15761
6110
-15761
16384
-15014
16330
-15014
16384
-15014
16330
-15014
16384
-9655
15876
-9655
16384
-9655
15876
-9655
16384
-8887
10068
-8887
16384
-8887
10068
-8887
16384
554
12640
554
16384
554
12640
554
16384
201
-2714
201
16384
201
-2714
201
16384
10528
-948
10528
16384
10528
-948
10528
16384
9222
-13739
9222
16384
9222
-13739
9222
16384
16028
-13760
16028
16384
16028
-13760
16028
16384
15170
-15866
15170
16384
15170
-15866
15170
16384
14715
-15302
14715
16384
14715
-15302
14715
16384
16062
-7718
16062
16384
16062
-7718
16062
16384
7149
-4312
7149
16384
7149
-4312
7149
16384
11601
5428
11601
16384
11601
5428
11601
16384
-3455
10209
-3455
16384
-3455
10209
-3455
16384
3273
15059
3273
16384
3273
15059
3273
16384
-12591
16370
-12591
16384
-12591
16370
-12591
16384
-6145
14937
-6145
16384
-6145
14937
-6145
16384
-16376
9124
-16376
16384
-16376
9124
-16376
16384
-13516
5142
-13516
16384
-13516
5142
-13516
16384
-13201
-5594
-13201
16384
-13201
-5594
-13201
16384
-16382
-7982
-16382
16384
-16382
-7982
-16382
16384
-4415
-15731
-4415
16384
-4415
-15731
-4415
16384
-13788
-15938
-13788
16384
-13788
-15938
-13788
16384
6246
-12984
6246
16384
6246
-12984
6246
16384
-6599
-13572
-6599
16384
-6599
-13572
-6599
16384
14254
396
14254
16384
14254
396
14254
16384
2789
-2416
2789
16384
2789
-2416
2789
16384
16203
13452
16203
16384
16203
13452
16203
16384
11248
10304
11248
16384
11248
10304
11248
16384
11266
15491
11266
16384
11266
15491
11266
16384
15958
16352
15958
16384
15958
16352
15958
16384
1541
4843
1541
16384
1541
4843
1541
16384
15349
11810
15349
16384
15349
11810
15349
16384
-8838
-9771
-8838
16384
-8838
-9771
-8838
16384
9625
-380
9625
16384
9625
-380
9625
16384
-15462
-16383
-15462
16384
-15462
-16383
-15462
16384
693
-12324
693
16384
693
-12324
693
16384
-15515
-9578
-15515
16384
-15515
-9578
-15515
16384
-8469
-16287
-8469
16384
-8469
-16287
-8469
16384
-8973
5071
-8973
16384
-8973
5071
-8973
16384
-14810
-9702
-14810
16384
-14810
-9702
-14810
16384
1381
15567
1381
16384
1381
15567
1381
16384
-16214
3165
-16214
16384
-16214
3165
-16214
16384
11149
13314
11149
16384
11149
13314
11149
16384
-12215
13983
-12215
16384
-12215
13983
-12215
16384
16179
156
16179
16384
16179
156
16179
16384
-4144
15745
-4144
16384
-4144
15745
-4144
16384
14332
-13129
14332
16384
14332
-13129
14332
16384
5307
7310
5307
16384
5307
7310
5307
16384
6394
-15662
6394
16384
6394
-15662
6394
16384
12990
-5858
12990
16384
12990
-5858
12990
16384
-4260
-5368
-4260
16384
-4260
-5368
-4260
16384
16344
-15234
16344
16384
16344
-15234
16344
16384
-13105
9321
-13105
16384
-13105
9321
-13105
16384
14250
-14743
14250
16384
14250
-14743
14250
16384
-16380
16378
-16380
16384
-16380
16378
-16380
16384
7407
-4705
7407
16384
7407
-4705
7407
16384
-12693
10021
-12693
16384
-12693
10021
-12693
16384
-1903
8380
-1903
16384
-1903
8380
-1903
16384
-3612
-4542
-3612
16384
-3612
-4542
-3612
16384
-10581
16038
-10581
16384
-10581
16038
-10581
16384
7004
-15386
7004
16384
7004
-15386
7004
16384
-15732
13310
-15732
16384
-15732
13310
-15732
16384
14644
-13628
14644
16384
14644
-13628
14644
16384
-15639
1961
-15639
16384
-15639
1961
-15639
16384
16060
-709
16060
16384
16060
-709
16060
16384
-10334
-10656
-10334
16384
-10334
-10656
-10334
16384
10650
12790
10650
16384
10650
12790
10650
16384
-1585
-16374
-1585
16384
-1585
-16374
-1585
16384
714
15815
714
16384
714
15815
714
16384
7691
-11487
7691
16384
7691
-11487
7691
16384
-9525
5888
-9525
16384
-9525
5888
-9525
16384
14405
838
14405
16384
14405
838
14405
16384
-15716
-8861
-15716
16384
-15716
-8861
-15716
16384
16318
12621
16318
16384
16318
12621
16318
16384
-15229
-16354
-15229
16384
-15229
-16354
-15229
16384
12793
16230
12793
16384
12793
16230
12793
16384
-8269
-10452
-8269
16384
-8269
-10452
-8269
16384
5003
9328
5003
16384
5003
9328
5003
16384
2205
4009
2205
16384
2205
4009
2205
16384
-4453
-3614
-4453
16384
-4453
-3614
-4453
16384
11742
15187
11742
16384
11742
15187
11742
16384
-12426
-14217
-12426
16384
-12426
-14217
-12426
16384
16289
13928
16289
16384
16289
13928
16289
16384
-16257
-15612
-16257
16384
-16257
-15612
-16257
16384
13912
1261
13912
16384
13912
1261
13912
16384
-14670
-6897
-14670
16384
-14670
-6897
-14670
16384
5623
-12438
5623
16384
5623
-12438
5623
16384
-8194
6284
-8194
16384
-8194
6284
-8194
16384
-5055
-15951
-5055
16384
-5055
-15951
-5055
16384
1012
15396
1012
16384
1012
15396
1012
16384
-13586
-6400
-13586
16384
-13586
-6400
-13586
16384
9882
14537
9882
16384
9882
14537
9882
16384
-16342
8391
-16342
16384
-16342
8391
-16342
16384
15458
4263
15458
16384
15458
4263
15458
16384
-12153
16311
-12153
16384
-12153
16311
-12153
16384
15882
-8771
15882
16384
15882
-8771
15882
16384
-2799
10872
-2799
16384
-2799
10872
-2799
16384
11013
-16126
11013
16384
11013
-16126
11013
16384
7744
-3470
7744
16384
7744
-3470
7744
16384
2473
-13037
2473
16384
2473
-13037
2473
16384
14997
-14971
14997
16384
14997
-14971
14997
16384
-6890
-1505
-6890
16384
-6890
-1505
-6890
16384
15876
-14211
15876
16384
15876
-14211
15876
16384
-13958
11001
-13958
16384
-13958
11001
-13958
16384
10007
-1811
10007
16384
10007
-1811
10007
16384
-16374
16383
-16374
16384
-16374
16383
-16374
16384
-113
12071
-113
16384
-113
12071
-113
16384
-13332
11155
-13332
16384
-13332
11155
-13332
16384
-10186
16068
-10186
16384
-10186
16068
-10186
16384
-5847
-1296
-5847
16384
-5847
-1296
-5847
16384
-15930
6905
-15930
16384
-15930
6905
-15930
16384
3586
-12909
3586
16384
3586
-12909
3586
16384
-14904
-7912
-14904
16384
-14904
-7912
-14904
16384
11824
-16161
11824
16384
11824
-16161
11824
16384
-7543
-16250
-7543
16384
-7543
-16250
-7543
16384
16122
-8947
16122
16384
16122
-8947
16122
16384
3023
-11280
3023
16384
3023
-11280
3023
16384
15047
4060
15047
16384
15047
4060
15047
16384
12305
2928
12305
16384
12305
2928
12305
16384
8956
14439
8956
16384
8956
14439
8956
16384
16357
14738
16357
16384
16357
14738
16357
16384
-118
15467
-118
16384
-118
15467
-118
16384
13457
14478
13457
16384
13457
14478
13457
16384
-9154
6478
-9154
16384
-9154
6478
-9154
16384
4838
2360
4838
16384
4838
2360
4838
16384
-15139
-6706
-15139
16384
-15139
-6706
-15139
16384
-5836
-11690
-5836
16384
-5836
-11690
-5836
16384
-16078
-15547
-16078
16384
-16078
-15547
-16078
16384
-14031
-16167
-14031
16384
-14031
-16167
-14031
16384
-11659
-14320
-11659
16384
-11659
-14320
-11659
16384
-16263
-7403
-16263
16384
-16263
-7403
-16263
16384
-3353
-3819
-3353
16384
-3353
-3819
-3353
16384
-11582
7423
-11582
16384
-11582
7423
-11582
16384
6069
9155
6069
16384
6069
9155
6069
16384
-1979
16170
-1979
16384
-1979
16170
-1979
16384
13469
16200
13469
16384
13469
16200
13469
16384
8464
11674
8464
16384
8464
11674
8464
16384
16380
12754
16380
16384
16380
12754
16380
16384
15311
-2382
15311
16384
15311
-2382
15311
16384
13832
1048
13832
16384
13832
1048
13832
16384
15651
-14488
15651
16384
15651
-14488
15651
16384
6674
-11336
6674
16384
6674
-11336
6674
16384
9339
-14728
9339
16384
9339
-14728
9339
16384
-2708
-16380
-2708
16384
-2708
-16380
-2708
16384
-941
-2906
-941
16384
-941
-2906
-941
16384
-11188
-10815
-11188
16384
-11188
-10815
-11188
16384
-10822
11296
-10822
16384
-10822
11296
-10822
16384
-15939
1753
-15939
16384
-15939
1753
-15939
16384
-16103
16247
-16103
16384
-16103
16247
-16103
16384
-15378
13186
-15378
16384
-15378
13186
-15378
16384
-14541
7892
-14541
16384
-14541
7892
-14541
16384
-9691
16080
-9691
16384
-9691
16080
-9691
16384
-6798
-6926
-6798
16384
-6798
-6926
-6798
16384
-775
8560
-775
16384
-775
8560
-775
16384
3833
-16072
3833
16384
3833
-16072
3833
16384
8399
-4503
8399
16384
8399
-4503
8399
16384
12836
-12055
12836
16384
12836
-12055
12836
16384
14775
-14650
14775
16384
14775
-14650
14775
16384
16383
1834
16383
16384
16383
1834
16383
16384
16226
-15310
16226
16384
16226
-15310
16226
16384
12968
14222
12968
16384
12968
14222
12968
16384
12269
-6054
12269
16384
12269
-6054
12269
16384
4041
14962
4041
16384
4041
14962
4041
16384
4224
7122
4224
16384
4224
7122
4224
16384
-6603
3448
-6603
16384
-6603
3448
-6603
16384
-5229
15686
-5229
16384
-5229
15686
-5229
16384
-14441
-10889
-14441
16384
-14441
-10889
-14441
16384
-12940
14091
-12940
16384
-12940
14091
-12940
16384
-16141
-16309
-16141
16384
-16141
-16309
-16141
16384
-16338
3371
-16338
16384
-16338
3371
-16338
16384
-10982
-8372
-10982
16384
-10982
-8372
-10982
16384
-14291
-9532
-14291
16384
-14291
-9532
-14291
16384
-1155
6421
-1155
16384
-1155
6421
-1155
16384
-7480
-16262
-7480
16384
-7480
-16262
-7480
16384
9162
15956
9162
16384
9162
15956
9162
16384
1822
-12461
1822
16384
1822
-12461
1822
16384
15586
12423
15586
16384
15586
12423
15586
16384
10518
-589
10518
16384
10518
-589
10518
16384
15386
-1284
15386
16384
15386
-1284
15386
